0 1
0 2
0 3
0 4
0 5
0 6
0 7
0 8
0 9
0 41
1 2
1 3
1 4
1 5
1 6
1 7
1 8
1 9
1 10
2 3
2 4
2 5
2 6
2 7
2 8
2 9
3 4
3 5
3 6
3 7
3 8
3 9
4 5
4 6
4 7
4 8
4 9
5 6
5 7
5 8
5 9
6 7
6 8
6 9
7 8
7 9
8 9
10 11
10 12
10 13
10 14
10 15
10 16
10 17
10 18
10 19
11 12
11 13
11 14
11 15
11 16
11 17
11 18
11 19
11 20
12 13
12 14
12 15
12 16
12 17
12 18
12 19
13 14
13 15
13 16
13 17
13 18
13 19
14 15
14 16
14 17
14 18
14 19
15 16
15 17
15 18
15 19
16 17
16 18
16 19
17 18
17 19
18 19
20 21
20 22
20 23
20 24
20 25
20 26
20 27
20 28
20 29
21 22
21 23
21 24
21 25
21 26
21 27
21 28
21 29
21 30
22 23
22 24
22 25
22 26
22 27
22 28
22 29
23 24
23 25
23 26
23 27
23 28
23 29
24 25
24 26
24 27
24 28
24 29
25 26
25 27
25 28
25 29
26 27
26 28
26 29
27 28
27 29
28 29
30 31
30 32
30 33
30 34
30 35
30 36
30 37
30 38
30 39
31 32
31 33
31 34
31 35
31 36
31 37
31 38
31 39
31 40
32 33
32 34
32 35
32 36
32 37
32 38
32 39
33 34
33 35
33 36
33 37
33 38
33 39
34 35
34 36
34 37
34 38
34 39
35 36
35 37
35 38
35 39
36 37
36 38
36 39
37 38
37 39
38 39
40 41
40 42
40 43
40 44
40 45
40 46
40 47
40 48
40 49
41 42
41 43
41 44
41 45
41 46
41 47
41 48
41 49
42 43
42 44
42 45
42 46
42 47
42 48
42 49
43 44
43 45
43 46
43 47
43 48
43 49
44 45
44 46
44 47
44 48
44 49
45 46
45 47
45 48
45 49
46 47
46 48
46 49
47 48
47 49
48 49
